S2S3: 0.01467944961041212082
H: -1.00000000000000000000
